camera_matrix:
- - 536.0647072202298
  - 0.0
  - 327.6094064954572
- - 0.0
  - 535.4591511765256
  - 247.82428107547068
- - 0.0
  - 0.0
  - 1.0
dist_coeff:
- - 0.1042740705393694
  - 0.2363843221998584
  - 0.007656111550002392
  - 0.004820426386426826
  - -1.082119905900023
