camera_matrix:
- - 482.5138237656693
  - 0.0
  - 329.3347268367561
- - 0.0
  - 482.2045325083123
  - 239.95340309818178
- - 0.0
  - 0.0
  - 1.0
dist_coeff:
- - 0.017417379629595022
  - 0.5959184644333574
  - -0.005486516337167993
  - 0.006386756131465196
  - -1.839187042101996
