camera_matrix:
- - 305.67956045869
  - 0.0
  - 293.7767274308737
- - 0.0
  - 311.8381921125127
  - 204.56677168585375
- - 0.0
  - 0.0
  - 1.0
dist_coeff:
- - -0.4261554479576726
  - 4.268905981548918
  - -0.03896895883661404
  - 0.04237267366583939
  - -6.57136918493571
