camera_matrix:
- - 122.0632220944412
  - 0.0
  - 300
- - 0.0
  - 122.22562512394865
  - 282.3799390169642
- - 0.0
  - 0.0
  - 1.0
dist_coeff:
- - -0.29677411297894446
  - 0.11448893371448636
  - 0.014696143442420227
  - -0.0007599279451571781
  - -0.017451354476146232
