camera_matrix:
- - 230
  - 0.0
  - 300
- - 0.0
  - 230
  - 250
- - 0.0
  - 0.0
  - 1.0
dist_coeff:
- - 0.13270022564946665
  - -0.7607447717505137
  - 0.0264142122200116
  - 0.010159395919751003
  - 0.5572201040834164
