camera_matrix:
- - 508.0182082709242
  - 0.0
  - 320.34981895726986
- - 0.0
  - 508.31855618025725
  - 245.006831015945
- - 0.0
  - 0.0
  - 1.0
dist_coeff:
- - 0.08344171369563663
  - 0.15884416635403933
  - 0.0032711683179414354
  - 0.0014654182556047544
  - -0.6389922492771211
