camera_matrix:
- - 221.20204055187907
  - 0.0
  - 301.57153433851175
- - 0.0
  - 231.4422806931105
  - 227.87961707775185
- - 0.0
  - 0.0
  - 1.0
dist_coeff:
- - 0.13270022564946665
  - -0.7607447717505137
  - 0.0264142122200116
  - 0.010159395919751003
  - 0.5572201040834164
