camera_matrix:
- - 828.1133366794228
  - 0.0
  - 381.5957063110318
- - 0.0
  - 798.3216997420164
  - 314.5400565274002
- - 0.0
  - 0.0
  - 1.0
dist_coeff:
- - -0.1228873604271072
  - 7.879627879405698
  - 0.07710335367851426
  - 0.09455799607162764
  - -29.925664873621667
