camera_matrix:
- - 261.6013982068827
  - 0.0
  - 280.0694438247841
- - 0.0
  - 312.87106208966566
  - 226.9820454966375
- - 0.0
  - 0.0
  - 1.0
dist_coeff:
- - -0.024896120565270477
  - -0.032199860847411325
  - 0.00034856530986553894
  - -0.004011135339448027
  - 0.00542691457107285
