camera_matrix:
- - 368.46279079245136
  - 0.0
  - 292.6822019992518
- - 0.0
  - 359.82189077518314
  - 210.43134328172044
- - 0.0
  - 0.0
  - 1.0
dist_coeff:
- - -0.473270193558057
  - 0.45770953461842234
  - 0.010872757356543444
  - 0.0008352969077157972
  - -0.16695378681235112
