camera_matrix:
- - 501.6598595618583
  - 0.0
  - 320.62667934626177
- - 0.0
  - 500.09530970581505
  - 230.2350671053893
- - 0.0
  - 0.0
  - 1.0
dist_coeff:
- - 0.18613952517927895
  - -0.44507269495752094
  - -0.003352371587918601
  - -0.0005014468228552397
  - 0.3390775227247932
