camera_matrix:
- - 502.4247197931324
  - 0.0
  - 322.4730546801031
- - 0.0
  - 503.5743589713118
  - 233.19922619714703
- - 0.0
  - 0.0
  - 1.0
dist_coeff:
- - -0.008236088846759745
  - 1.0331760374373875
  - -0.0031006791837684534
  - 0.0009378103119235421
  - -2.726606825636765
