camera_matrix:
- - 539.4573019825347
  - 0.0
  - 317.0839551271434
- - 0.0
  - 537.7007283440897
  - 224.00550255004674
- - 0.0
  - 0.0
  - 1.0
dist_coeff:
- - 0.2918061877067425
  - -0.9118025946235535
  - -0.0045233564064681014
  - 0.0009542922890886123
  - 0.9551597284625282
